  -8.08620123283774e-01
  -7.76869751651561e-01
  -4.17930897010930e-01
   1.85143991376704e-02
   2.46967194678059e+00
   4.94024915889905e-01
   1.08000241207681e-01
  -1.56809752347503e+00
   9.15502634745572e-01
  -4.89976005903596e-01
  -4.08131389148141e-02
   3.58602721129150e-01
   3.66470299725822e-01
   7.56560918400022e-01
   2.93912626647497e-01
   7.59487147936829e-01
   1.28107828056304e+00
  -1.19441733131360e+00
   1.90105186901049e+00
   1.12936120475164e-01
   1.16974735266140e+00
   9.24775989815019e-01
   1.06993202713234e+00
  -4.10239316469968e-01
   5.49331551139217e-01
  -3.71172046193698e-01
  -1.42029825837993e+00
  -8.02087276964511e-01
  -1.41069615685841e+00
  -1.31316271102796e+00
   5.46771636707051e-01
  -1.62124996789276e+00
   7.95800417397623e-01
   1.82401888136126e-01
  -1.19656738572195e+00
  -2.31042344690868e+00
   6.90874126421582e-01
  -2.63585891033989e-01
  -4.63412553295551e-02
  -3.28040906934407e-01
  -5.38737529875910e-01
  -2.46704509350941e+00
   2.27352719454514e-01
   9.47809823295353e-01
  -1.41953435514475e+00
  -2.11361221870541e+00
  -1.58864014257689e+00
   2.72734645398834e+00
  -1.43239155100387e+00
  -7.05366703194429e-02
   1.02530778268633e+00
  -8.89875649597354e-01
   6.23343166484815e-02
  -2.83162515691740e-01
  -6.29069909204447e-01
  -1.83996766129654e+00
   4.97589516691349e-01
  -1.48006345869823e-01
   9.46258102888661e-01
   1.55949414946590e+00
  -1.54698539332359e-01
   3.52448941365553e-01
   6.55920682287526e-01
  -4.42835653456168e-01
  -7.63650874158589e-01
   1.35589940743976e+00
  -9.50250107914535e-01
  -2.46914482781164e-01
  -1.49325530428804e+00
  -1.86787128651328e+00
   5.82399827787672e-01
   1.64124326887168e+00
  -2.98138011603308e-01
  -9.16581583443610e-01
  -8.22212905953400e-01
   8.76989511798206e-01
   1.18655170036914e-01
  -4.34998812709389e-01
  -8.05314870005484e-01
  -1.02096487413691e+00
   1.62888308655911e+00
  -7.97592306661056e-01
  -6.66558368211576e-01
  -1.34963206131309e+00
  -1.15061467099312e+00
   1.72034671337514e+00
   2.74823088246803e-01
   1.53672866298303e+00
  -1.49139220628495e+00
  -9.44713687323106e-01
   9.49146899106740e-01
  -1.29542280870400e+00
   4.90008268547882e-01
   6.93930790155313e-01
  -9.12640997068755e-02
   8.85199438366919e-02
  -1.05415477385813e+00
  -2.24939615950054e-01
   2.75397211321563e+00
   7.14802363248470e-02
   5.45283634671816e-01
   5.37962646468281e-01
   8.95552992669539e-01
   5.60163616338396e-01
  -1.17357547454758e+00
   6.60610040180764e-02
   7.15280983853255e-01
  -5.00084309850791e-01
  -5.60705055578011e-01
   1.49947210124559e+00
  -8.85922491912177e-01
   3.58638745710682e-01
   3.81782312209276e-01
   5.20752666457440e-02
   4.36706681220157e-01
   1.56215099567281e-01
  -6.33112178775100e-01
   7.33141153678888e-01
   9.01008234584707e-02
   3.02188683653714e-01
   7.99446441290868e-02
   6.87837844599787e-01
  -6.35774304651303e-01
   1.24990218160423e+00
  -1.15411494778548e+00
   4.36745719564309e-01
  -2.89602424857262e-01
  -6.88182582016240e-01
   3.79228530418767e-01
   2.09954304558666e-01
   3.57702819850824e-02
  -1.27395557984123e+00
   1.14327540745377e+00
   1.88233215124491e+00
  -1.70029029557027e+00
   5.63667861615630e-02
  -1.14085382179214e+00
   1.03785667970118e-03
  -7.48836858904364e-01
   4.02894301412838e-01
   1.81018405176766e+00
  -1.58467398543720e+00
  -9.59703521703256e-01
  -4.57519958215802e-01
  -2.06963988465387e-01
  -5.18427167550769e-01
  -8.07968393285880e-01
   1.01797915151835e+00
   5.16334868686121e-02
  -1.88067737424143e+00
   1.94714288297655e+00
   2.52654162098402e-01
  -7.27398420185565e-01
   4.69839697822496e-01
   2.35176480814761e+00
   2.58755486895150e-01
   3.48999530730132e-01
  -1.52938036022493e+00
   6.12100643311991e-01
   2.06738266503723e-01
  -7.38299760414030e-02
  -2.32419823823084e+00
   4.46968694346930e-01
   1.77164805237602e-01
   2.13294060319946e+00
  -8.74270823838658e-01
   6.70553773478473e-01
  -1.51947930565394e-02
  -1.92191814521419e+00
  -1.08469454023648e+00
  -1.12121838182004e-01
   9.06963436746355e-01
   1.06572821081664e-01
  -1.11712345096025e+00
   1.93031067823532e+00
  -5.96208595627178e-01
   1.70076462509941e+00
  -5.76642809303766e-01
  -1.10258892115512e+00
   1.32660637302828e-01
   1.55967464538291e+00
  -1.63067460466680e+00
   1.51679080594529e+00
   1.69110784852437e-01
   1.08184989830334e-02
   8.69741703788795e-01
  -1.82733611582969e-02
   1.52923914040989e+00
  -1.06679666202806e+00
   3.58376677330494e-02
   6.49618254151938e-01
   5.67045831564725e-01
  -4.67433673390035e-01
   1.35052532239343e+00
   8.95958711902669e-01
  -3.03932437688641e-01
  -3.30923298177399e-01
  -1.60458323697445e+00
  -1.69748420771261e+00
  -1.10483906190053e+00
  -8.65913282124266e-01
  -4.82983160055857e-01
   5.44466076896855e-01
   6.70906155751980e-01
  -3.95875689391756e-01
  -4.05190552633311e-01
   1.04160636289621e+00
  -7.20211373347903e-01
   1.34686312841881e-01
   9.71645351155087e-01
   6.56591942397245e-01
  -7.43306495465735e-01
   8.15828308263421e-01
   3.36153689870821e-02
   1.45855102904897e+00
  -5.59032674871036e-01
   4.66556843884013e-01
   9.34116454827849e-02
   1.71787559439111e-01
   8.40853629576459e-01
   1.45729441595418e+00
   6.42963642731338e-01
   2.26322526506962e-02
  -8.32159133908879e-01
   2.60499491099375e+00
  -4.87919138742853e-01
   5.97529692359341e-02
   2.28983756168670e+00
   8.54302582917100e-01
  -1.94707330327830e+00
   1.20338280815694e+00
   3.07556395049225e-01
  -1.36367912154111e-01
   2.00524202091748e+00
   1.81582043522838e+00
   1.45068842914582e-02
   1.20453121844709e+00
  -2.10864887028246e-01
  -9.65459361861020e-01
   2.78302056044125e+00
   1.39604841417576e-01
   3.97748011518686e-01
   1.01325539957485e+00
   1.87837801639597e-01
  -3.93518391357163e-01
   4.99034173963844e-01
  -1.85800932629294e+00
   1.07356008000099e+00
  -1.80783280970744e-01
   2.00771699129088e+00
   7.59304719938467e-01
   8.06008254304463e-01
  -1.08673902325919e+00
   1.43185984122407e+00
   5.88999515739818e-01
   1.10791475410550e+00
  -2.17999233013802e+00
  -2.19729183899719e-01
  -5.83741323030380e-01
  -1.75793437515792e+00
   1.53942435454789e+00
  -5.26458070019592e-01
   5.81215058932165e-02
   1.09998125903314e-01
   8.97151288485682e-01
  -2.03804408673489e+00
   4.39640024355682e-01
  -5.73980957223455e-01
   4.01190925975190e-01
   8.45958355887483e-03
   1.18407943058720e+00
   1.23348813778881e+00
   1.12306028681427e+00
   1.39631646607889e+00
  -9.22954780212365e-01
   4.94637596775456e-01
   5.31415708978597e-01
  -1.23945879115059e+00
  -6.45809309931969e-01
   3.69002867693924e-01
   1.69057320514774e+00
   1.26660839411686e+00
   8.70457748866992e-01
  -3.16570101544144e-01
   4.11765894068629e-01
   1.59865475690841e+00
  -2.39349706372203e+00
  -9.73938381070471e-01
  -1.21700998653088e-01
   9.63813102674049e-01
   1.10648864902720e-01
  -1.61519977227256e+00
  -4.81522660314063e-01
   1.31575992774231e+00
   8.61180397484396e-01
  -8.07145578934146e-02
   3.23002865191316e-02
   1.98895682429284e-01
  -7.57610285644156e-01
   4.07479557096482e-01
  -1.49381021893777e-01
   2.49237321631368e-01
  -6.40153235295463e-01
  -3.19368782424069e-01
  -2.26545766772241e-01
   5.09912131523941e-01
   1.27498330494936e+00
   4.89279312423273e-01
  -4.03885920903621e-01
   1.84582115667672e-01
  -3.86516283141727e-01
  -1.00792871153397e-01
  -3.49235158087277e-02
  -6.57019234998622e-01
   2.08331535013423e-01
   7.72818401881854e-04
   1.93015803336870e-01
   2.49207750857934e-01
   5.89348329657922e-01
  -9.77264942006493e-01
   1.74614530820438e+00
  -7.88674474704110e-01
  -1.02085172182459e+00
   4.34302984451351e-01
  -2.34762196830914e-01
  -4.76384382349469e-01
   7.49513179063220e-01
   2.04535251810822e+00
   1.03226201677678e+00
  -1.68966336967979e+00
  -7.64907029222471e-01
   1.75411587707675e+00
   1.49495056374507e+00
  -1.37171097925410e+00
  -1.65251687755827e+00
   1.98794645794646e-01
   1.35204589020756e+00
   5.17275318099567e-01
  -1.76402505684449e-01
  -4.76630744622194e-01
   7.41127301138781e-01
   1.99848325326951e-01
  -5.91543191204838e-01
  -9.16868787798112e-01
   4.91288483892417e-02
   1.52156889807049e+00
   8.10227201312609e-01
  -9.46824228301947e-01
  -1.83676189874451e+00
  -9.23918749602437e-01
   1.27224001114316e+00
  -9.34789347594997e-01
   2.99820465152336e-01
  -3.64058967446292e-01
  -1.02237975122357e+00
   2.81944675818352e-01
  -1.92826762960577e-01
   5.50756239003057e-02
  -7.96895633824482e-01
   6.10229059748037e-01
   1.60138444661700e+00
  -1.04405175631977e+00
  -4.19628488573508e-01
   1.40899740498762e+00
  -6.16494444007464e-01
   7.29525879526006e-01
  -2.55979774933245e-01
  -2.23177500635654e+00
  -2.11480086801038e+00
   1.31756217120718e+00
  -1.15213953071753e-01
  -6.61569205084298e-01
   2.35116818099103e+00
  -2.16975661962469e+00
   1.42625958188940e+00
   3.80562164551517e-01
   1.16274268757374e+00
   1.03915202582391e+00
  -1.14333018617739e+00
   1.25960650220984e+00
   6.73106176896788e-01
   1.15287867120414e+00
   4.00639689914072e-01
   4.77308173989041e-01
  -1.06314512867706e+00
   1.04026486282195e-01
   5.22804942008606e-01
   1.74748856626871e+00
   8.27990301604936e-01
  -3.59662401587161e-01
   1.67676641876563e+00
  -1.91145099649215e+00
  -3.21172972559053e-01
  -8.96206163983049e-01
   5.44754780411351e-01
  -4.05521084616683e-01
   2.32979395538149e-02
   5.98388997039654e-01
   1.78082307765617e-01
   1.14704408440659e-01
   3.70232407751555e-02
  -4.99829632347246e-01
  -5.69506548522526e-01
  -3.08975354183366e-01
  -3.86688927124084e-01
  -5.21917368362604e-01
   2.39676543834689e-01
  -8.19896464475071e-01
   1.04114338959185e+00
  -1.38347698687747e+00
   1.48267528098781e+00
   1.14305511015946e-01
  -1.61035501430774e+00
   3.13034338437587e-01
   2.74719810985152e+00
   1.17967848538331e+00
  -1.17933097541288e+00
  -8.53075771301642e-01
   7.21081539058892e-02
  -1.08550007888065e+00
   1.16722471734506e+00
   1.90136374386028e-01
  -3.68914498630080e-01
  -8.64258270937212e-01
  -2.22140088937114e-01
   6.81600916375378e-01
   1.03032030930362e+00
  -2.04801413682721e-01
  -7.85134477987971e-01
  -8.36298652762709e-01
  -6.93885925990101e-02
   3.62763932602180e-01
  -6.40906956798620e-01
   1.37077069589397e+00
  -2.13918041358949e-02
   1.33881202515264e+00
   2.66581062580617e-01
   8.53792556860486e-01
  -4.52854634864249e-01
  -1.46579749646688e+00
  -6.82137148256580e-01
  -1.05189260138936e-01
   3.07397701687078e-03
  -1.37301892247935e+00
   6.50981797384391e-01
  -3.20090882822874e-01
   1.22990878057764e-01
  -1.62408482655770e-01
   6.30192764187606e-01
   1.11589144674222e+00
   7.88438055766966e-01
  -5.12818100492807e-01
  -7.91955648076700e-01
   1.62214213859649e+00
   2.81084259711335e-01
   5.67721758709364e-01
   7.96943388926952e-01
  -2.97581961097616e-02
  -1.70152929972051e+00
  -7.50072232015552e-01
   1.11479007864030e-01
   7.21397588933987e-01
   1.63628655003724e+00
   9.43192994586037e-02
   1.25839883066126e+00
  -1.59472961141304e+00
  -4.80430357091533e-01
   6.86738318891462e-01
  -2.42778092113514e+00
   4.12390502287510e-01
  -1.25278729530121e+00
   3.15107793899209e-01
  -9.54610911286745e-01
   8.13993988598412e-01
  -4.57415940635180e-01
   6.94396480588748e-01
   6.65372454250230e-01
   7.82763752289223e-01
   4.15059667378251e-01
   1.09433058025496e-01
   9.00841106492178e-01
   3.28401037325369e-01
   2.98098239678555e-01
  -3.53897938862730e-01
   5.85144416665927e-01
   1.28564204449411e+00
  -6.60244263627702e-01
   7.39283677319679e-01
   7.92974552848492e-01
  -1.38487071324469e-01
  -1.39820112772299e+00
  -1.05739908754453e+00
   1.47612160144461e+00
  -1.55770367190759e-01
  -1.43485646394719e+00
  -1.30739036713307e-01
   2.14640300001825e+00
   3.48191330352349e-01
   9.77014772765774e-01
   1.09800745581210e-01
