   2.01030948652812e-01
   5.62358665294121e-01
   3.70132193349415e-02
   2.84201264501429e-01
   1.77332680927507e+00
   4.29964833738741e-01
  -2.01399037928217e-01
   4.81051174967994e-01
  -7.68903502349543e-01
  -1.06907598843379e+00
  -8.90342951059612e-01
  -1.59219979998201e+00
  -2.29528171208442e-01
   7.98079450434083e-02
  -6.40988645415752e-01
   2.04132013083206e+00
   8.69376470330903e-01
   1.04996784801742e+00
  -1.28016152041504e+00
  -1.38096001142952e+00
  -2.45146836060769e+00
  -5.15926050571353e-02
  -3.79850899349661e-01
   1.84226961432232e+00
   1.90129014849418e+00
  -1.35545255518812e+00
  -1.94761737478744e+00
  -1.10066212698153e+00
  -3.69424282912471e-01
   7.71899198480039e-01
  -1.12344928818850e-01
   1.16042226546535e+00
   8.56970314573413e-03
   8.07786797508759e-01
  -8.51594649404503e-01
  -6.86418908411492e-01
   4.87292864334467e-01
  -3.92302937547597e-01
  -1.96984520119586e+00
  -1.01859191934251e+00
   8.50785623794700e-02
  -2.44907185062070e-01
  -1.08974534519884e+00
  -1.15663261477427e+00
  -6.63848636556796e-01
   4.59699582171147e-01
  -2.96477761974792e+00
   1.28109848036254e+00
  -3.35383480959433e-01
   1.23184905771065e+00
