   3.5555e+03   8.8731e+03   9.0063e+03   1.2891e+04  -5.2994e+03   5.6449e+03   5.0147e+03   1.9054e+04   1.4348e+04   1.4022e+04   1.7532e+04   1.7120e+04   7.9414e+03   1.5010e+03   8.2871e+03
   5.1067e+03   1.1301e+04   1.5078e+04   2.0898e+04   1.5872e+03   5.5816e+03   1.5283e+04   1.4448e+04   8.8174e+02   1.2465e+04   9.8588e+03   2.0165e+04   1.6235e+03   1.5575e+04   8.1539e+03
   2.0711e+04   1.3174e+04   1.9976e+04   6.0785e+03  -2.2757e+03   6.1489e+03   1.9912e+04   4.0788e+03   3.6394e+03   1.6425e+04   9.8702e+03   3.5085e+03  -4.6877e+03   7.4133e+03   5.4224e+03
   8.9810e+03   2.0400e+04   1.7719e+04   7.9929e+03  -5.5125e+03   2.6094e+03   3.4395e+03   9.5954e+03   1.2222e+04   6.7175e+03   1.9118e+04   4.9991e+02   1.6822e+04   2.0804e+03   1.5602e+04
   6.1342e+03   1.2624e+03   1.7722e+04   6.9938e+03   3.7213e+03   1.5649e+03   2.0385e+04   2.0228e+04   6.2512e+03   1.6929e+04   9.9258e+03   1.1877e+04   6.1763e+03   3.1953e+03   6.8435e+03
   1.7624e+04   1.2227e+04   2.7226e+03   1.9782e+04   4.5238e+04   1.0200e+04   2.1313e+04   1.3689e+04   1.3660e+04   1.8200e+04   6.9669e+03   7.4623e+03  -3.5795e+03   1.7802e+03   1.9584e+04
   4.6597e+02   8.1450e+02   1.9085e+04   1.1865e+04  -8.7334e+03   2.0228e+04   9.7139e+03   1.3436e+04   9.4138e+03   7.0008e+03   1.1678e+04   9.3213e+03   3.2047e+03   1.0546e+04   9.0894e+03
  -3.2558e+02   1.8899e+04   2.6797e+03   6.3071e+03  -5.1715e+03   1.1668e+04   1.0530e+04   7.7063e+03   7.5614e+03   1.1611e+04   1.7276e+04   1.9257e+04   6.5987e+03   1.9071e+04   9.6313e+03
   1.5185e+03   1.0324e+04   5.6458e+03   1.5446e+04  -4.4931e+03   1.3600e+04   5.7843e+03   8.2680e+03   1.1603e+04   5.8152e+03   7.5204e+03   1.7867e+04   1.7694e+03   1.8954e+04   1.6176e+04
   1.5837e+04   1.6740e+04   1.4094e+04   4.9226e+03   4.6108e+04   1.6741e+04   1.7030e+03   1.3684e+04   8.9635e+03   2.2809e+03   4.7545e+03   1.7353e+04   8.7986e+03   1.2421e+04   1.6512e+04
   8.0687e+03   1.9095e+04   5.6599e+03   4.9191e+03   9.9827e+03   1.5030e+04   1.0285e+04   1.5114e+04   1.1907e+04   2.0105e+04   1.2484e+04   1.8734e+04   1.1569e+04   2.6900e+03   6.8570e+02
   1.7910e+03   9.6356e+03   8.2848e+03   4.9596e+03   1.0387e+04   2.1962e+04   2.0535e+04   1.5093e+04   8.1782e+03   1.0724e+04   8.8728e+03   5.7243e+03   7.3851e+03   1.2805e+04   1.1760e+04
  -2.1897e+03   1.7821e+04   2.8743e+03   6.0544e+03  -4.0050e+03   1.9437e+04   1.0429e+04   8.2874e+03   1.4653e+04   1.4344e+04   1.0032e+04   1.1924e+04   1.0853e+04   1.5627e+04   1.3475e+04
   9.5195e+03   6.8408e+03   7.5391e+03   7.3799e+03  -8.6379e+03   6.6656e+03   9.8383e+03   9.5733e+02   3.8680e+03   6.1885e+02   2.3461e+03   2.1307e+04   1.0928e+04   1.7362e+04   3.0876e+03
   5.3401e+03   3.2588e+03   6.8213e+03   1.3360e+04   6.9128e+03   1.4692e+04   1.8061e+04   1.1346e+04   1.0263e+04   1.6588e+04   4.0297e+03   2.0722e+04  -4.6311e+03   1.2570e+04   1.2321e+04
  -4.7284e+03
   1.1719e+04
   2.4060e+02
   4.8009e+03
  -7.2859e+04
   2.0386e+03
  -3.7138e+03
  -5.7650e+03
  -1.8194e+03
   3.0832e+03
   2.2253e+03
  -2.2220e+03
   1.7681e+04
   5.8508e+03
   3.4819e+03
